$ANSIBLE_VAULT;1.2;AES256;personal
65653563333632373039623938373136623362373533373734643961316637313531383965306338
3331323537623762643334363438633439383135336365390a626533396337643861643237663564
31376637623361666638336363616661343033656235376234343964623737653439376333613731
3264363565653235630a343031316232373430663063393134363834633336346330626236343761
66346234323732643262613832623033633734333462613430396263333336336663386565306165
64376461666438373931656436636539366365326533323963626566316166643865313966343338
31386264336164303162626466303962663233646462383837633866386463393862313662646330
39346333366637373465386534313834643766393666616639306361626436373864376132303033
63306561396263666663363239343261646131393063646138306431363030653335316161346166
30383330666231663632653533353532356663313431666661393265336131636135303563343761
38613837383432613365623463346639343461633761623561323362353933313532623935393033
62303165353933386637653739613135646630383166353561376437633664326538386635383634
33356433636666626435376631343032626466323664343865336136386436343035656430393138
64336432326235643134353966343130326233363463313762623338326635346230356666323036
34653338346237393936613666663662643438653638336163626131353634313163373138663963
34356236343530383661376562663162663232336566326234343539363031653739323964366139
63363938393464346539303063643062656362636130383138623935326661393764663265346563
39356137643732613064353939333735373632366663613166613534623031376437636337653163
38343733343362663237656230623531613663386436373531346234323462376362666264356634
37643266623963386536303330336164303566633739396131376661633238363362313834393131
38303961366161373866316331383738653462303961366333396339666661363662336332366263
31373933633134643963323839393363663836643530653462303735303132306330643837626133
62336135393463643636343737623864373738343363623034316361613930653738666663333838
36383061646462366565383234346437333130393736633934396362313461373130323665333034
30613935646339643466346664383865633531303463393630636435666638623730646564333232
66383264393732663164356231343065653339353034383039316636306439326631626231393563
35396239636564363735663838613562333963303865333638356334366535653634373432373937
65653635353963386635333861303331663465636432383137636232363964323830623832333432
64336234333535366230343934616538323335626264346438613764303635313530646435303432
66653566346236613836666565396230373838653730303361373732383665616437666166613236
34646531623831346131376536666131336336303266343435343836363231613964333633316538
30353566376566373661346233346464343764313563376337383837313735653134323230346462
39396534303063616531616437663739643363653035633638363830333739373762663364316631
64303733313965376531656538306265626461626266353236666335316334303562356335363331
61636230656335356466653563313061316561613965333938666566613938303632663539666330
61336461363266353637396162613736653036303561393539313939633635383365636161396236
38336636646631386163613630373763323633313638333363623135633937303838653436633739
65323036346663646236663765326631336137623561376463343530643765326137326264373434
62383866366365366261663739333435363530353963376465386236363533653861643761376266
61633031323538353534303830653264363662373262626266346539323030373439663361393363
33396662333365636536313032306261363534616439373437643962323035303466626330323630
38333534393830376231653234396366336265616562316435303437393838663862373163316633
38353336326362306134383030316236386563383031656238316265633464396233663835313161
61353033326339366636623234303934656333643766306632643861356233666566393034333936
65323265646136383761666562626332646539383238333333663034373936653166306431656265
64663734336162656332386265623130373335623637666538393335383338613939366265323261
31613633373666336462636539666334626563323533353434346637646633666631323431383231
64633361623438663564386534313930376330656563383133333432646663343335616432643437
34303563306262653862386438346264326662333432363165363561663362346239646636373661
66333933383834323931343462653835613862353738336464366439656436323036346661643733
32623463666534666163643834613133356331633664666462653666353562613562646239323635
36383734663962643135396430346666666638373063356338343562306239623732633731623733
34303665393236623736353038666165396265336366653738643030376661636137366364383332
36383233356166366431356534636561623236333366656561333031666364656532373464336336
61316439323435393331646333383731323437306430313162363736346466383831363766343561
31333438373666306230373164326534646337393763656133623663613438336431646564626364
32323535343363613038636533633964643335353635316163346435656366653435343933383636
39636662633238373663303639643965373138333463343632623335633166656635366536633961
38316535306466643936336330613061323661663462333437643937313133616562373364326130
30643464313237626364656133343864303537346134316630643961343362626565346561373732
39656133363138363763376137303533623336663862646166306439623233353537383431633333
32383838386638633435626431643738653631303866353232373733343936316130653561383637
38666639623937353366643933383839383865636265393536313336363437306337363539333938
30653665323038376331643436663934666566373061383766626530646535376235323861313666
32353264303562646137616462623235363132366630313734666336366463346337353534666138
30366362653963653361346635386633366364393465303230313966313962336661363064356637
39373932316330633730636534623561623238343839313134353931383761366364356630393632
63313635643330623366363334336666366664396263343038366339353662336262656266653431
63633562613935346433313733336133343937343134386534316336653835353831363563613335
32643664313732393235393139633435373166333961646536383166653665373730633965656262
66633863383634386432633064316130306261633466663731643135353163306534343632313737
37613435663565666131646463356530616364613531353830613766646266393133393961363432
63383561646565383234326135626364663736373764323663663637323764306664353132383539
32646565303230373838663031653861396336336531373262613035363538373735616465363237
39643335303636663161303666383937316166336438396261626639323430353238636163303335
65323036343230313437313463326665666464393137313730386432653861353238303336376164
38646332326239373837343963343338363831353133653164633438616135326664333430333265
31346232303132663838306664316632383337653131336634303963376665363466363438373839
63623937646438613131626365393133316233356230363561396539363261373735613530656239
61306364623464316336663834643565323839616437353433303964353532316236353961323234
34633637363838636534323462303663616631353734366634333963396535656135356432663066
32353738366463396365636165623338643930303032366136613861633662646535333665363533
30656366636138356463316638633063303062393963376535356566356635623738353561373464
64376536323063363831356433633437623737383261386665666432656366333937303833656236
39383536633130623762666165613464373438616536616434376330323434373932326138626364
64333039623263643136373030616563613235343939636333336431646637646231613335313539
62623330343538306364643438336133353139343764393932366638653666666130663366366435
61333534363462643633353865623036633934336138623666656538376664643361303739353237
65653634396336346565343430623862656231633763323435623238303739663533663464633365
37616265303162363962366361303830626366636564323931646637643332323365666237616536
30613231303538313639616163666166646332393263366366343335323266363634316530626438
64353534383038333066323334393833373566333463653938646331653139363764376262396131
65386434353437303533663737396665663039653531303764393964633461373139623963643733
34353366616335333235333162373566373065353534393766656561653439626464616361666461
65633239393431366563323139626530323466336236326565376664663666616261393730626565
61313138646165623165356131393238643132636266636637303730663832616161643533626330
35396634303236646362666166346162613735663338316665623066353363323765336333386339
64333635643361376432306364373631363538356661646235663964393836383663326262653132
32303732346365633638666432386534613461343334396130313662343661646331353963336462
39613761663734313734373035626535616665663866666361363531646432643762303965393637
63343434636430393639616332656438383239646362366166323930666639376264646636336434
64386562323930333866363537643334353062633832376433663961366264663162313038393133
61616536393737396363616563333164303838346636356365626332363334343437656562363364
33366433633261306539396264333161656538663765346261616239333233366536643861656264
65313638653537376438313134333432323733326130613365633536333333343635396533333065
34613465376238326533353236313634313135633663643838353633633066623231376336643266
62343439313565653830383862353437643965643666343134363530366538373838386539663664
38313139393039363536646132373363623862323632336265356239373233366533656538353730
61623761353666326335623336333763383464373031653035663663343530643230373338346633
36383961306464316463373836386438636466396530396236393932653435623233646464393831
30613662633536313337616666346131663964303033316462383330376564393235393363343564
63323939663063386335633431643461383431313634373235343739336661306636336238643331
65613534666434333038383837373066353161356432626139366532616337613264386161393961
37653532383030353962633134366561373134323564336138396433613539313865333130333764
38393836353431636231356163353139663566643330303165666436313763396136633162656365
33333434386362306438326331313331623036343830303638323235353839626661373866633966
66336433363962336539383435363431643738356338393139363165666633383830336138633331
31613634353430326534393938303630306230363738353739383761313339303538393232313664
36636532613963366536333837323062336535616430366231623162306161393833343039336438
36626662396336393333633365366632386262306462653639343034613063316639636635616635
38663734376434366665333266643439363730353335633561383532656230653636356165616530
30333231643862643130353961653862396130303638663130366266376465646333316530626431
31383066333939623733373637306539336462313566616137343635333133333033643939383739
37643936336161383962616634623166666430386234363837323661393862613230386461333739
64333332306538343835643463363566383038323630383463303065643165353732626632613236
37393338376566633764353431653431626432353031633436633065653366373936326563333335
32346639663464613539666463656131393539326661353938303437663766623638313262616262
62356161393834633331666239623862613933303838353935386336376139303762366634396537
37633437396633313638613961333032333565396231653938616364666338623939646239346333
63346437363432633330326430393131373337613437356532353562626366653036343133393830
64633261613263306635323837613138333339376566333962623632663037316633653738646565
61353333303461623938313035363632356239633032323339366234363930613735333864656264
39373134336230393936363833343162396434613931633737326365383966623139313865343965
34373664373965313266633139306638396265393565356335646463333065653035623664386332
34373636633263373866376661326436353734636235393430356437646537636239343731313563
36663036323433616230353337306234363934613133363136616663336266356262386532316565
3430
