$ANSIBLE_VAULT;1.2;AES256;personal
30636338313632663033303562643538303864326164656665393861353235623737383139653037
3433663764663861616435313431613537663765623261650a393230663464383134653135636562
65353361313233353038666461643966346161353463646364346338633765623230386564643661
6438386664623936630a353035616466616133643939393464303030363532643437326537323637
36323330666133363363393263323436333636366138313131623636326637623361333738393466
34363939653734343862623066366662383231333464383262623730336663663134313037393630
32613163306564393764353366366261333063623935366633633231396331356531333566653165
63396237373666316561343730663138393432366331376662396461363730383365373031623633
64313562373066643737393633343063633534613864666261383162346234333261613034363436
39383364666334396433636264623235383139336233633834626630373063313561613963333737
33306331303938346434333832366433666361303566363633333039343465623135636636323863
33363432353937386539333365323134333830623834666262626430393362373039353862656161
37623634386537313233366437626232656462623765656138333164616262363164663131663066
65346164663439353562316466656234653736643131616130343932343035386463353534323139
33356439333438343732643130393466666335333962386630363064363932633661633535383033
65363861353239343437383735343163613738396136313565393265373465346331663133356630
36663037663237313039306264393064646438316330653537626566646138313035643465356665
39643364366239393065373563356531636666623164656564653838653234613161343566386639
31616337363738313735306361333430396437636165643037373530646334363938393666313036
34363066303338656238336434336438353565623238623661396439656231393330306566653331
61393232366666306238616633613232363830663163303635646635656465393539613134323165
35333561383032346532646130383431636166353361666634653065333733326631663530626666
61356466656433303231396636613165646433376332346362656361373532306163393365653931
63386566623636376438646134373833646437313331353932613065343261663832313462306164
33313334313239303661336165636436613964316162656531653865323430623636383035366465
35656236313732666131643134323364376639396635646137653463393266356130643630393034
37383137653666666266666138613739393864383165613530386632373632653566333733373236
62353836343563653334383766323036333063303337366466653432376435383230643838393162
39346561663930323863396238343631363566623465333539663231336132646434656634336433
38393734643864366538646137643539336462316566346434313134353430326234346262303332
61626638346530653961666536623863386264333865616532323637636465343438333633376537
35316138653363623232643963646464373964353335626532613139613832643961313136633664
31613130346266353332663737636438646563363165336663333861613738613139336234376231
32626363353533396465363533333031666232303133376334373439346532386339326531656232
66373130306463383436663132636264383134626335303966376366396364353166636237663932
64353031386437643363623934343561353930303032383631636164396434616361386239643834
32663932663830616662313465346166633532353534656362656663663936396538386238663539
31636136333862336230363966326565373165366533616130626232393461613032646630343565
39393936393865626235643235613938313938363439663139303961383134613461373037306539
36633136626366346533643431313131646533613533656366653531343831326434626530613962
34626666383163666636623139653534353063623961643836353462666466613734333663353432
36356136633031663166356634313837323538656430313363333664393435383739356435653132
33376532323364363333666163373138356531646631636462313036656633316134373031353035
31656535386137663039346139373566316266373362616333646564303131653937663965336434
39386662356233636130613163383831623830633465613437373137356463363633376538343938
39633261363566396561653138383662353734623134306534326162666664336234303130383939
32666237323939636139363566653638393235663161643338626561353138623438653939306133
63323562353466386264613262633966396531656363393333346332353063636363383337656230
61363435383931333334373831623132323335643739363164373139373562613932366635343035
37316331633636363332343462633736633339663763356138346164343965363136343730313736
61323066623136623838613737663337636130613639316263306430333830646261663765616631
34616133303262336462613238393362363634383861386463326536663064356564383235376266
33653961633933633035636332343130366231316531366437306161363935616530643862316663
36376539356436333261343361666263636134356262303539313633636665623034303932356162
66323061613063643363353338623963643366336363656632646436636237636465353437656435
66356532306563313537313464666132356165323962393565626131333337313733363737343063
30353530353866613366626137646364333264333834303564303136623866363266313332396435
35353238323134326535303039633766633865666464333438303662343735643461363163633531
34323630636366363831343939626164333139613665373461313737666561373339333164356361
36313666383139383961373165643438303631346663633135373462653335363661343465323838
38343533383237353966653062666630346139393030383861366536313530623237643432663739
30346532393138303730643662373264353631653433353237386131323432643533376562396130
62373331383965646636313965363363376532623438303130316136653463373464633137373834
61376262613533303934623433636532666432663962333836386661656435663239353432663363
36623962623436333036653330383962633539646535383662366131383237356632396338343930
61326632353535353734643733363739363435326435303662646639613866643331653333343836
30646265316535393032323932366532643332633934653234313731336432383533306239343064
38633633653034636439653036643266363335313463383734623635646635333366356639386562
66656335393664636165356633643564613961306534616430646433366434646262633032663933
34356534643561376466376531383232353233663339333636326135376563326435396263336164
39323062626132613566363865366330353763636563303161323666353933396231643633623563
35663264353963373037396337366232633736656362386662633632653566626534666366326438
33363362353361643730313535336537663664653936343333333733356232353731323032323333
37363866373537343439396563343866356534653262313064666633383231393066333433623662
36393665343337376134353864656464663064326165353330623135623131656163646330356131
32623963303062353431323235626661353665363333633131303135323839633065666137633166
30626362383930306430663938333463386232646633306636313431653166303963333635366333
65383030353836616137366236386666353938363635323863316536306164656134363762396564
65333936666563633365643430356437623761353532333536353665303963333766393832336466
34613661653432373133343165626436666631393331643366393462613937306566343564343931
63616634366633613130366339386361383462316264303131626232616331656163313634303761
36333266386437326236613263343938613130313934366433396665386234363665613333303931
33326533316632623865363133356630643862316463336464346238343235333732396235646462
33393763356239303636356561383231336337343532613536326538613661313438343533313161
34633738643965323230623264643332353333623736343238363735643533613730623538306533
31353735656634396461656437386461333836393663666163613730653337373930343433663333
62646361336666356534376130316632643936343462373135326262646562623261386266613930
61656132303337643162343935393062323864336439313731373866376239346239306263346563
63646534653235663831323236643638636635313264306130643734303266626139623362613666
61666335376632383932363731303033623031613566303531396330653435333236306635373366
34666335653934386335386534373732396334396632343038653635303862633363316663393730
31386335343938616238336432653761356434303139326163643566343765326633306633373733
66363130343361623866393538633661343363653836643464613034653562633233636531386365
36373562316364316631366535323235323635613034366632313838653930633936326434643537
65653165636464383936313937643932303032303961393865326539333031663164393662623635
63393931623765353636613861633862646538383961653165396536653634666639366337653935
64366332316435363365313065333135616565306166393637656564343464623730326263613962
34373136623064643839633330656630636465313134616135396635633461323631666261626662
39643232326332343762326233333239316465386136643464353739376133643263376134613562
36396135376238383937343338346534393265616631353062386638333762356432383564616238
61353665336434306231376538663464356266363066633262643337393764393133353561333365
37356530656661613436363230626138643732323065653262363662303538306162633937663461
38396230633536383036623762616238383738373639646563383038303932633832326635356662
30313039316435663532333637383539373734376337383165613138353062376336323735666434
38633364323933363563393563646231396434313063343166343864316231333633343139323930
33653564643730323562366166343065303532623836386138616338333139376339613733623634
39353865396237663735336438623537323539633539353533616139666336333931643765623133
33316434363733303030663138376234633533613730313162666263303664383138353536333030
63623430626666666332373761303030396434363561373462313862616538393139383862653861
64656334343666663238356466663732383061633031306662623761653134393237303763633638
65646237336336666164636632306364313265666463646433383832643638623939653536616431
66366564376332613831626539373930663133383265396533343133333730626636396132646363
66666134333733333136396361636330613763306662303831383137333833643737383739633732
31336437633265363865323664333334623431623465313339643061323365643835393431396336
36633061636462623532633663623138316463623664316139633565383833363134633138373735
37363063326132653037373932633537356264303735613931383935383434353866316631383239
64666134356362616435303865303064316434303733333638663264616633316531373161333338
63646465343235303935396232663031633161313231346265373334303934303230646535336632
61363135666163363032313336323630366663613866343235373535303931316438303735373135
36306565633165636431373165633636343934303438373833616562636364353737636237303833
36663835393233373839626364363364386430303861623932363562363031313265386265663862
36653130356438346535623037313332646330333031346665306539393262643466653864323431
65326533633565386630613366613739353331653665383438353465386530363938666131653735
38356532333633653962326237613930626335323038376335363965383434363563653733306235
37353963383231633366383766626464633663316430643733336533333431613438653664326533
65623561633365313531656334643664653562363166363732643764626430333932376238623161
65323438306332633661383436616661333562306238363063656161393436613264316133613061
35336630343036303136646636333961306465653863626265313334656336666164343331343964
36353361323564376439366163323331303336623236396338373435316638353461616437313565
35633862633961646435363138633166633930326166643763393334333833316136396437653263
39353934643035656465666164356531306466656635356432653865326633666531313636313231
61636336343965393233356666626166356661656663656165376363313531373135363037303434
38313130313066383532373237653765346235653135616630383461663037343930633034383064
39666364396463336163306166396232643739643231663464336139623039373431376564646636
39363739336630396134333035343261383132393739326634613137383232666661646434656334
36306138636339333139396135623064346636313161303033343934303438366630346139356563
3233
