$ANSIBLE_VAULT;1.2;AES256;personal
30643534616237343962613865663563393765653266333066396536636130363631346463663938
3138636465643634643239663833343739353566393033650a623662646565366338366338306336
64373636366236323864333736346236393763656432643237633335363863363830373535343731
6437383438353537340a363665393964616636366634373264393039336164623836346134373032
32306333383633343966396238373466376162393230653631393533356461633538623537373866
30373537353733353736303033316163353365303534393239366366653536363063376465393761
34333433303461616665323838643262373066616162656265393339623331653537373630626366
30313063653861636565343937393932636463633462646534396530313062316134323165363761
61626432666234353037303565393134363633663961363966653565333561393436623237373164
63343862363131346636316465613032623961366362356634383139316661646265643138303138
34346161346165363034633063353265323839316136633664336262386566396163353061616338
64633564663834653236326661303862306462303566373936363661373365643137643131383764
63333237623665333131363362653834373635326436376635396531643431326534643232376230
33306338666130623238623566326162633663326361383338306438666634316165336434383361
30306136373566646561323364343166306165383234393434333431316665303365373839616337
30616662313435626339356361396663343330326633303134396436663939333736393937613763
61313433353366653035343931626161333734343865376261646265643338663636623466666438
37303433613763316633333938396664396261373831326161333266616131306437343064323536
32356461623830613766313532383838353839623964666564303733313830646538653332363035
31333662393263646639393033393436646536333665633035346131633037383930336437633330
30323264333136386434316637303435646463343234333063316431316363376662386566633263
32303538616331373364393364366363383339613637616263653533666333633235336133646364
65663139643538626237636633336137343766616465656532316532336530623835636332313665
66353634323038646338663863613564646466653864353961356435393365613661313366376535
34633665323037363965623937323664656238323132663461623565323830326532373463366433
6465356237626236353237343064636165663661343430303838
