$ANSIBLE_VAULT;1.2;AES256;personal
32666263326230633566303631323432353134666665336436666137396265396131366538356238
6532626238373162313234313264303965383563643162300a363631646330306564326162653032
38306435393536323934316530396365666538626537663532353634633037613464613164323561
6130623035623565350a333935373763363862626132386465303438376663653162616537313537
38383836623964306533643039613630346133373438336133353732396433333663636336353962
36646438383130666261313863366263306364373162613531343537376462613736663266356365
34353161326261306139376166373330396434323362363861336566626435336437313063376336
39373064363236323738336333313030396166346234343466393033306539393237373762663030
30386238346236613462333065343832633338623863393162333034653435386661636163363163
63313365633232326665396536353935623061323738633635386335383661633938643530396366
38323666663739333430343963343334316238643963646465653139333132383935623362633731
31343666353565633339616162653965366233656335663238303533646333333634613834393934
34653932623839386162333238393131616231633031653035386564366233666663336663323031
38646131663233336639323735653934656562373363323966383831303635643833323462643436
62646332383464313637653763356436373631366137363531303931656564366561336333366139
32653230366431666237386637373231376234383730326463663837623132386530646361326561
35363234616632386530343561383261663433646366623661346564626562383539663338336433
32396130643333306665643665316633316162663331303862336639346534646134663461366534
64333333396464646631363734643531633366633230336364316564646637663261316639616461
61636636366439343430363665363266393337383236396630663263373834656633333330663032
36376666376163656239633330663839366133653838383862303236646138343164313135643138
66373535636566396235633334303563626361353236383933633532356638366263336433333466
36613236643136333864313330326335613061336331326535646362383863343539633435323735
39373435336539363265383830333634336131313730386135386262366530646639383661356164
39653162346131353137313637396437343339623736613237366564353065653061613134343337
61316563383365636434376538373065346163316363386264363536353231346138643564346230
31326238613936323638313664633837393936646663366330353363633239663861633136626435
35633439396661666463363066653465323831346430366637623362633763626466376230356337
61663039303335316562316333376463646232356638346635626132656163643930663035613037
64333135633439376462376335353165613738633535626665316263633766656434346230663862
34363531393133326263663136626464316634356463656138306361393636613661353631323232
35643233626163646131633538623665303563626165326262363665333264383333333362613834
36613866343466393563333832346438623132383236383932303435643937353230363064393839
33356630656366393731656634323265373237633932316135613032663132393931346333346130
31653835633739636430386230396461363439316461623832306235636437663337356131306433
63313631653532663662633033306665366439353163333136336436643863636430376437353039
32366233613933336134616235313330303337323732346631323963353737343436333830633635
32303635356237353762666631353564356339663733303065323038336262346636623965623764
35613465323466393538333037326466653637633437353031313935373962633930623331303034
63333861373130626134313338623832636661356231666633633966623262666131666364656437
33336637633530616430396230623430646431376266663538303466393036656636653330623166
35396565346330653837623638373365363635636233333837393364616339343836623936333532
64306466306534346632383262623331643565653765313937633232636165653062613666633430
34646238333535623361373935666331353766656135383339303736623032633666343334336135
32323331333664376434333130356435363165393139326164366437646335636662386436333262
66393361633233346362666166393237653665343932363735616261366334373666643031386331
30616632343434656433303735393861616237393864373938373063383939346465346136643166
37646631663836326132353638343961643033666435363062666564373036623530613961656266
63363935356233353265393333653933656339663561643739633135346661363435643261353831
35633531663835306365653833333535353437383532343766366164383239326335393132663165
34623264383238633162656434303131303065343961623939633232633337343832616433313666
66633534653532343936373765643530363566623337663832366232333633353962333663343038
30363134346332616665393066336133303465643635313037316535333632323730323962623764
34653565346537383566316232653532623134306333613531363162376236643463373131353366
36376263313836336637383335383565333437333132313939653534363964353631393164376238
63333763393331363132353637396137653665646632313739633965646564666134663566633563
37353463646566323965653666663336613834313631643035333165656334383330333465663535
30353732343834386263623565326231626236613363333932656337393366653664633533613838
39316435363335323436333466613563353863313763373864356439323235363032343531316465
61393938313538316361633632343532393639626462336235636132353230313339303062353335
32303663623864646430646434383733646237383865666333393333666338356233383031653366
63306162373031343039343330643063383865626435613533333936313834643339386238396464
36336438323162653263616231366264616637313037363036633335663437343035666137663232
30336639353035366466336232376532373135336138646466643437633861313035626139356631
65643132653831613639663866353839316461343137353933396436633262383834323166343237
65633365316232346164316439303431636430663132333339623733353633613034623061313135
31636366313537366362333866623839316334663161633031353163656163393331386364356138
64316231383231376433623036323464353934393338313734613361373037373737633230343738
3334
